symMono
AlgIdx, AlgStub, Piece, n_P, n_Q, P_est, R_est, F1_est, P_occ(c=.75), R_occ(c=.75), F_1occ(c=.75), P_3, R_3, TLF_1, runtime, FRT, FFTP_est, FFP, P_occ(c=.5), R_occ(c=.5), F_1occ(c=.5), P, R, F_1
1, NF1, piece1, 5, 15, 0.44973, 0.43455, 0.44201, 0.66963, 0.21838, 0.32935, 0.20406, 0.21836, 0.21097, 466.00000, 0.00000, 0.40318, 0.21864, 0.37020, 0.17550, 0.23812, 0.00000, 0.00000, 0.00000
1, NF1, piece2, 5, 48, 0.31590, 0.70720, 0.43672, 0.79820, 0.58114, 0.67259, 0.14719, 0.48257, 0.22557, 1432.00000, 0.00000, 0.26440, 0.38278, 0.61060, 0.24382, 0.34848, 0.00000, 0.00000, 0.00000
1, NF1, piece3, 10, 11, 0.61537, 0.44157, 0.51418, 0.79094, 0.26365, 0.39547, 0.49324, 0.36748, 0.42117, 53.00000, 0.00000, 0.28893, 0.51127, 0.61374, 0.38546, 0.47353, 0.00000, 0.00000, 0.00000
1, NF1, piece4, 8, 26, 0.68524, 0.80644, 0.74092, 0.72703, 0.58102, 0.64588, 0.42898, 0.58358, 0.49448, 104.00000, 0.00000, 0.50417, 0.58707, 0.59547, 0.53399, 0.56305, 0.07692, 0.25000, 0.11765
1, NF1, piece5, 13, 13, 0.43704, 0.33109, 0.37675, 0.00000, 0.00000, 0.00000, 0.33373, 0.29371, 0.31244, 349.00000, 0.00000, 0.27970, 0.39976, 0.55921, 0.33206, 0.41669, 0.00000, 0.00000, 0.00000
2, OL1, piece1, 5, 114, 0.66022, 0.63504, 0.64739, 0.82683, 0.50904, 0.63013, 0.29457, 0.49846, 0.37031, 14013.28382, 0.00000, 0.36836, 0.38902, 0.72275, 0.55858, 0.63015, 0.00877, 0.20000, 0.01681
2, OL1, piece2, 5, 98, 0.11733, 0.73651, 0.20242, 0.84211, 0.86815, 0.85493, 0.14808, 0.61079, 0.23837, 126065.85591, 0.00000, 0.27749, 0.44039, 0.75016, 0.70917, 0.72909, 0.02041, 0.40000, 0.03883
2, OL1, piece3, 10, 9, 0.73898, 0.46744, 0.57265, 0.89692, 0.69468, 0.78295, 0.62533, 0.46608, 0.53409, 1751.95948, 0.00000, 0.34792, 0.62189, 0.72814, 0.60778, 0.66254, 0.11111, 0.10000, 0.10526
2, OL1, piece4, 8, 4, 0.95000, 0.40513, 0.56802, 0.95000, 0.96667, 0.95826, 0.97352, 0.40010, 0.56712, 204.19658, 0.00000, 0.40513, 0.97352, 0.95000, 0.96667, 0.95826, 0.50000, 0.25000, 0.33333
2, OL1, piece5, 13, 98, 0.04586, 0.02094, 0.02875, 0.00000, 0.00000, 0.00000, 0.00544, 0.00568, 0.00556, 126065.85591, 0.00000, 0.00597, 0.00443, 0.00000, 0.00000, 0.00000, 0.00000, 0.00000, 0.00000
3, VM1, piece1, 5, 7, 0.55680, 0.84912, 0.67257, 0.35988, 0.77742, 0.49201, 0.34417, 0.36157, 0.35266, 61.44162, 0.00000, 0.84912, 0.48184, 0.37217, 0.77738, 0.50336, 0.00000, 0.00000, 0.00000
3, VM1, piece2, 5, 7, 0.41203, 0.81651, 0.54769, 0.48639, 0.80458, 0.60627, 0.31985, 0.42998, 0.36683, 310.73864, 0.00000, 0.47239, 0.07377, 0.39903, 0.76367, 0.52417, 0.28571, 0.40000, 0.33333
3, VM1, piece3, 10, 7, 0.77317, 0.73803, 0.75519, 0.44163, 0.82257, 0.57470, 0.62727, 0.52080, 0.56909, 13.43864, 0.00000, 0.62828, 0.55683, 0.53276, 0.70327, 0.60625, 0.00000, 0.00000, 0.00000
3, VM1, piece4, 8, 7, 0.93234, 0.91964, 0.92595, 0.64377, 0.86881, 0.73955, 0.74886, 0.62049, 0.67866, 66.05676, 0.00000, 0.81250, 0.73500, 0.52558, 0.85524, 0.65106, 0.28571, 0.25000, 0.26667
3, VM1, piece5, 13, 7, 0.81911, 0.68370, 0.74530, 0.51153, 0.75493, 0.60984, 0.67542, 0.40047, 0.50282, 52.32952, 0.00000, 0.56640, 0.54926, 0.41385, 0.65563, 0.50741, 0.28571, 0.15385, 0.20000
4, VM2, piece1, 5, 5, 0.54030, 0.56976, 0.55464, 0.00000, 0.00000, 0.00000, 0.28603, 0.20731, 0.24039, 18.90640, 0.00000, 0.56976, 0.28603, 0.29102, 0.49013, 0.36520, 0.00000, 0.00000, 0.00000
4, VM2, piece2, 5, 7, 0.44584, 0.76101, 0.56227, 0.64905, 0.86281, 0.74082, 0.35709, 0.48849, 0.41258, 34.30821, 0.00000, 0.41855, 0.12800, 0.42666, 0.62964, 0.50865, 0.14286, 0.20000, 0.16667
4, VM2, piece3, 10, 7, 0.68962, 0.52133, 0.59378, 0.86490, 0.44131, 0.58442, 0.60934, 0.47080, 0.53118, 3.57008, 0.00000, 0.39318, 0.54144, 0.66207, 0.56120, 0.60747, 0.00000, 0.00000, 0.00000
4, VM2, piece4, 8, 6, 0.84212, 0.76520, 0.80182, 0.57889, 0.83658, 0.68428, 0.73174, 0.50352, 0.59655, 5.94210, 0.00000, 0.72056, 0.71143, 0.40988, 0.73173, 0.52543, 0.16667, 0.12500, 0.14286
4, VM2, piece5, 13, 7, 0.73887, 0.54006, 0.62401, 0.91029, 0.78112, 0.84077, 0.67674, 0.43412, 0.52893, 38.69842, 0.00000, 0.41955, 0.55391, 0.51710, 0.63588, 0.57037, 0.00000, 0.00000, 0.00000
5, NF1_13, piece1, 5, 16, 0.60761, 0.43039, 0.50387, 0.52785, 0.15356, 0.23791, 0.20019, 0.20529, 0.20271, 92.00000, 0.00000, 0.42020, 0.20710, 0.52105, 0.15378, 0.23747, 0.00000, 0.00000, 0.00000
5, NF1_13, piece2, 5, 8, 0.02885, 0.02339, 0.02583, 0.00000, 0.00000, 0.00000, 0.01491, 0.01443, 0.01466, 326.00000, 0.00000, 0.02339, 0.02224, 0.00000, 0.00000, 0.00000, 0.00000, 0.00000, 0.00000
5, NF1_13, piece3, 10, 12, 0.61795, 0.45441, 0.52371, 0.75437, 0.40833, 0.52986, 0.45535, 0.37415, 0.41077, 19.00000, 0.00000, 0.34418, 0.45283, 0.57610, 0.33505, 0.42369, 0.00000, 0.00000, 0.00000
5, NF1_13, piece4, 8, 26, 0.60168, 0.78135, 0.67985, 0.69316, 0.49847, 0.57991, 0.40094, 0.59819, 0.48010, 20.00000, 0.00000, 0.42853, 0.44439, 0.60137, 0.44901, 0.51414, 0.03846, 0.12500, 0.05882
5, NF1_13, piece5, 13, 14, 0.50485, 0.42321, 0.46044, 0.96917, 0.96917, 0.96917, 0.44844, 0.38113, 0.41206, 78.00000, 0.00000, 0.19058, 0.42146, 0.68101, 0.43945, 0.53419, 0.00000, 0.00000, 0.00000
6, DM10_13, piece1, 5, 35, 0.42306, 0.64244, 0.51017, 0.50682, 0.71727, 0.59396, 0.29463, 0.53040, 0.37883, 87.00000, 0.00000, 0.43580, 0.61663, 0.45252, 0.74894, 0.56416, 0.00000, 0.00000, 0.00000
6, DM10_13, piece2, 5, 37, 0.51393, 0.68322, 0.58661, 0.61953, 0.86837, 0.72314, 0.44569, 0.55386, 0.49392, 249.00000, 0.00000, 0.52328, 0.47409, 0.52695, 0.87176, 0.65685, 0.00000, 0.00000, 0.00000
6, DM10_13, piece3, 10, 12, 0.64619, 0.61625, 0.63087, 0.72152, 0.45164, 0.55554, 0.52716, 0.47019, 0.49705, 6.00000, 0.00000, 0.38448, 0.54820, 0.53805, 0.52928, 0.53363, 0.08333, 0.10000, 0.09091
6, DM10_13, piece4, 8, 20, 0.39653, 0.67150, 0.49861, 0.39764, 0.80440, 0.53220, 0.26906, 0.39034, 0.31855, 4.00000, 0.00000, 0.67150, 0.50483, 0.30889, 0.71314, 0.43107, 0.05000, 0.12500, 0.07143
6, DM10_13, piece5, 13, 54, 0.63368, 0.43072, 0.51285, 0.58787, 0.91606, 0.71616, 0.61043, 0.38861, 0.47489, 461.00000, 0.00000, 0.30412, 0.80286, 0.53341, 0.86942, 0.66118, 0.00000, 0.00000, 0.00000

audMono
AlgIdx, AlgStub, Piece, n_P, n_Q, P_est, R_est, F1_est, P_occ(c=.75), R_occ(c=.75), F_1occ(c=.75), P_3, R_3, TLF_1, runtime, FRT, FFTP_est, FFP, P_occ(c=.5), R_occ(c=.5), F_1occ(c=.5), P, R, F_1
1, NF1, piece1, 5, 5, 0.71018, 0.43348, 0.53836, 0.37517, 0.12374, 0.18610, 0.15022, 0.11379, 0.12949, 536.00000, 0.00000, 0.43348, 0.15022, 0.34388, 0.12989, 0.18856, 0.00000, 0.00000, 0.00000
1, NF1, piece2, 5, 12, 0.45869, 0.60157, 0.52050, 0.42322, 0.42322, 0.42322, 0.16305, 0.24156, 0.19469, 71.00000, 0.00000, 0.35091, 0.17147, 0.45660, 0.18717, 0.26550, 0.00000, 0.00000, 0.00000
1, NF1, piece3, 10, 17, 0.67605, 0.56367, 0.61477, 0.58986, 0.26784, 0.36840, 0.32538, 0.32465, 0.32501, 77.00000, 0.00000, 0.42889, 0.37561, 0.42842, 0.25962, 0.32332, 0.00000, 0.00000, 0.00000
1, NF1, piece4, 8, 13, 0.69459, 0.72344, 0.70872, 0.76984, 0.32823, 0.46024, 0.49196, 0.51906, 0.50515, 238.00000, 0.00000, 0.33036, 0.39766, 0.66396, 0.37853, 0.48217, 0.07692, 0.12500, 0.09524
1, NF1, piece5, 13, 23, 0.38655, 0.35214, 0.36855, 0.00000, 0.00000, 0.00000, 0.19610, 0.20286, 0.19942, 1598.00000, 0.00000, 0.25834, 0.21771, 0.36527, 0.14747, 0.21011, 0.00000, 0.00000, 0.00000
2, NF3_13, piece1, 5, 41, 0.50597, 0.58599, 0.54305, 0.38374, 0.11905, 0.18173, 0.12387, 0.21894, 0.15822, 135.00000, 0.00000, 0.42823, 0.15364, 0.36245, 0.12193, 0.18248, 0.00000, 0.00000, 0.00000
2, NF3_13, piece2, 5, 19, 0.34361, 0.42181, 0.37872, 0.40625, 0.10938, 0.17235, 0.09685, 0.11037, 0.10317, 21.00000, 0.00000, 0.27400, 0.10364, 0.39178, 0.08759, 0.14318, 0.00000, 0.00000, 0.00000
2, NF3_13, piece3, 10, 7, 0.63745, 0.43700, 0.51853, 0.48214, 0.16667, 0.24771, 0.27493, 0.22009, 0.24447, 7.00000, 0.00000, 0.31405, 0.26308, 0.43961, 0.13791, 0.20995, 0.00000, 0.00000, 0.00000
2, NF3_13, piece4, 8, 10, 0.52339, 0.37485, 0.43684, 0.76667, 0.16667, 0.27381, 0.57895, 0.38620, 0.46333, 20.00000, 0.00000, 0.23810, 0.59369, 0.60127, 0.36035, 0.45063, 0.00000, 0.00000, 0.00000
2, NF3_13, piece5, 13, 1, 0.43243, 0.10177, 0.16476, 0.00000, 0.00000, 0.00000, 0.14815, 0.04507, 0.06912, 122.00000, 0.00000, 0.10177, 0.14815, 0.00000, 0.00000, 0.00000, 0.00000, 0.00000, 0.00000

symPoly
AlgIdx, AlgStub, Piece, n_P, n_Q, P_est, R_est, F1_est, P_occ(c=.75), R_occ(c=.75), F_1occ(c=.75), P_3, R_3, TLF_1, runtime, FRT, FFTP_est, FFP, P_occ(c=.5), R_occ(c=.5), F_1occ(c=.5), P, R, F_1
1, NF1, piece1, 5, 15, 0.30802, 0.31912, 0.31347, 0.20505, 0.07456, 0.10936, 0.07694, 0.09982, 0.08690, 61.00000, 0.00000, 0.31198, 0.16044, 0.21355, 0.12011, 0.15375, 0.00000, 0.00000, 0.00000
1, NF1, piece2, 5, 48, 0.16580, 0.40933, 0.23601, 0.00000, 0.00000, 0.00000, 0.09273, 0.33288, 0.14505, 1660.00000, 0.00000, 0.16940, 0.26506, 0.51958, 0.12976, 0.20766, 0.00000, 0.00000, 0.00000
1, NF1, piece3, 10, 11, 0.29069, 0.23992, 0.26287, 0.00000, 0.00000, 0.00000, 0.26265, 0.22376, 0.24165, 62.00000, 0.00000, 0.19993, 0.28860, 0.00000, 0.00000, 0.00000, 0.00000, 0.00000, 0.00000
1, NF1, piece4, 5, 26, 0.12622, 0.44446, 0.19661, 0.33333, 0.08333, 0.13333, 0.06223, 0.20703, 0.09569, 11.00000, 0.00000, 0.37780, 0.26245, 0.33333, 0.08333, 0.13333, 0.03846, 0.20000, 0.06452
1, NF1, piece5, 13, 13, 0.28733, 0.24497, 0.26446, 0.00000, 0.00000, 0.00000, 0.24809, 0.23033, 0.23888, 356.00000, 0.00000, 0.21322, 0.30680, 0.00000, 0.00000, 0.00000, 0.00000, 0.00000, 0.00000
2, NF2_13, piece1, 5, 5, 0.24008, 0.22189, 0.23063, 0.00000, 0.00000, 0.00000, 0.14303, 0.14172, 0.14237, 15.00000, 0.00000, 0.22189, 0.14303, 0.00000, 0.00000, 0.00000, 0.00000, 0.00000, 0.00000
2, NF2_13, piece2, 5, 27, 0.26373, 0.41623, 0.32288, 0.77770, 0.77770, 0.77770, 0.07732, 0.24530, 0.11758, 1221.00000, 0.00000, 0.31381, 0.22893, 0.77770, 0.77770, 0.77770, 0.00000, 0.00000, 0.00000
2, NF2_13, piece3, 10, 20, 0.69534, 0.58409, 0.63488, 0.70282, 0.32009, 0.43986, 0.47322, 0.43868, 0.45530, 34.00000, 0.00000, 0.35534, 0.47254, 0.60250, 0.37278, 0.46059, 0.00000, 0.00000, 0.00000
2, NF2_13, piece4, 5, 2, 0.66667, 0.27193, 0.38629, 0.88494, 0.88494, 0.88494, 0.60895, 0.23971, 0.34401, 3.00000, 0.00000, 0.27193, 0.60895, 0.88494, 0.88494, 0.88494, 0.00000, 0.00000, 0.00000
2, NF2_13, piece5, 13, 18, 0.56423, 0.33359, 0.41928, 0.68953, 0.39309, 0.50073, 0.41727, 0.34454, 0.37744, 153.00000, 0.00000, 0.24486, 0.54939, 0.60103, 0.48796, 0.53863, 0.00000, 0.00000, 0.00000
3, DM10_13, piece1, 5, 37, 0.39459, 0.53489, 0.45415, 0.40601, 0.43943, 0.42206, 0.28050, 0.42184, 0.33695, 53.00000, 0.00000, 0.49847, 0.48485, 0.38353, 0.51526, 0.43974, 0.00000, 0.00000, 0.00000
3, DM10_13, piece2, 5, 67, 0.60118, 0.69306, 0.64386, 0.56534, 0.95440, 0.71007, 0.52715, 0.59549, 0.55924, 1287.00000, 0.00000, 0.25614, 0.30325, 0.51123, 0.92467, 0.65843, 0.00000, 0.00000, 0.00000
3, DM10_13, piece3, 10, 20, 0.64780, 0.54582, 0.59245, 0.58607, 0.82517, 0.68537, 0.62214, 0.46120, 0.52971, 89.00000, 0.00000, 0.32131, 0.71997, 0.51407, 0.78154, 0.62020, 0.00000, 0.00000, 0.00000
3, DM10_13, piece4, 5, 21, 0.50318, 0.50779, 0.50547, 0.47169, 0.94118, 0.62843, 0.36828, 0.32553, 0.34559, 3.00000, 0.00000, 0.41458, 0.55647, 0.30573, 0.72559, 0.43019, 0.00000, 0.00000, 0.00000
3, DM10_13, piece5, 13, 69, 0.66244, 0.50932, 0.57587, 0.62901, 0.94719, 0.75598, 0.62552, 0.44338, 0.51893, 3108.00000, 0.00000, 0.20458, 0.64348, 0.56383, 0.88130, 0.68769, 0.00000, 0.00000, 0.00000

audPoly
AlgIdx, AlgStub, Piece, n_P, n_Q, P_est, R_est, F1_est, P_occ(c=.75), R_occ(c=.75), F_1occ(c=.75), P_3, R_3, TLF_1, runtime, FRT, FFTP_est, FFP, P_occ(c=.5), R_occ(c=.5), F_1occ(c=.5), P, R, F_1
1, NF1, piece1, 5, 5, 0.25231, 0.23839, 0.24515, 0.19697, 0.07163, 0.10505, 0.04289, 0.05200, 0.04701, 118.00000, 0.00000, 0.23839, 0.04289, 0.19697, 0.07163, 0.10505, 0.00000, 0.00000, 0.00000
1, NF1, piece2, 5, 12, 0.35712, 0.38746, 0.37168, 0.00000, 0.00000, 0.00000, 0.11347, 0.15921, 0.13250, 80.00000, 0.00000, 0.29301, 0.11504, 0.50417, 0.07955, 0.13741, 0.00000, 0.00000, 0.00000
1, NF1, piece3, 10, 17, 0.29071, 0.26903, 0.27945, 0.00000, 0.00000, 0.00000, 0.15676, 0.17642, 0.16601, 122.00000, 0.00000, 0.20812, 0.18986, 0.00000, 0.00000, 0.00000, 0.00000, 0.00000, 0.00000
1, NF1, piece4, 5, 13, 0.06259, 0.21216, 0.09667, 0.00000, 0.00000, 0.00000, 0.06609, 0.20817, 0.10033, 31.00000, 0.00000, 0.21216, 0.17184, 0.50000, 0.25000, 0.33333, 0.07692, 0.20000, 0.11111
1, NF1, piece5, 13, 23, 0.32426, 0.28790, 0.30500, 0.00000, 0.00000, 0.00000, 0.14167, 0.15431, 0.14772, 1096.00000, 0.00000, 0.22517, 0.15786, 0.00000, 0.00000, 0.00000, 0.00000, 0.00000, 0.00000
2, NF4_13, piece1, 5, 1, 0.32258, 0.12605, 0.18127, 0.00000, 0.00000, 0.00000, 0.10000, 0.03166, 0.04810, 7.00000, 0.00000, 0.12605, 0.10000, 0.00000, 0.00000, 0.00000, 0.00000, 0.00000, 0.00000
2, NF4_13, piece2, 5, 105, 0.24109, 0.30385, 0.26885, 0.33333, 0.05000, 0.08696, 0.05803, 0.10293, 0.07422, 29.00000, 0.00000, 0.22249, 0.09007, 0.33734, 0.08191, 0.13182, 0.00000, 0.00000, 0.00000
2, NF4_13, piece3, 10, 23, 0.27722, 0.26152, 0.26914, 0.00000, 0.00000, 0.00000, 0.14825, 0.17192, 0.15921, 10.00000, 0.00000, 0.20343, 0.21771, 0.00000, 0.00000, 0.00000, 0.00000, 0.00000, 0.00000
2, NF4_13, piece4, 5, 1, 0.29412, 0.11216, 0.16239, 0.00000, 0.00000, 0.00000, 0.44156, 0.12676, 0.19697, 2.00000, 0.00000, 0.11216, 0.44156, 0.00000, 0.00000, 0.00000, 0.00000, 0.00000, 0.00000
2, NF4_13, piece5, 13, 24, 0.28847, 0.30412, 0.29609, 0.00000, 0.00000, 0.00000, 0.12989, 0.15877, 0.14288, 135.00000, 0.00000, 0.22693, 0.16323, 0.00000, 0.00000, 0.00000, 0.00000, 0.00000, 0.00000
